1
1
1
1
1
1
1
1
1
1
1
1
1
1
1
1
1
1
1
1
1
1
1
1
1
1
1
1
1
1
1
1
1
1
1
1
1
1
14
11
2
2
2
2
5
1
1
1
1
1
1
1
1
1
1
1
1
11
0
0
0
0
0
0
3
1
1
1
16
16
1
1
1
1
1
14
11
0
0
0
0
0
0
0
3
1
1
1
1
16
1
16
1
1
13
0
0
0
0
0
0
0
0
0
3
8
1
1
1
16
16
1
1
1
11
0
0
0
0
0
0
0
0
0
3
0
8
1
1
1
1
1
1
13
0
0
0
0
0
0
0
0
0
0
7
0
0
8
1
1
1
1
1
1
11
0
0
0
0
0
0
0
0
0
0
0
4
2
2
2
2
2
5
11
0
0
0
0
0
0
2
0
0
4
2
2
6
0
0
0
8
11
3
0
0
0
0
0
0
0
0
0
0
3
0
0
0
0
0
0
0
0
3
0
0
0
0
0
0
9
0
4
2
6
0
0
0
0
0
0
0
0
3
0
0
0
0
0
0
8
0
3
0
9
12
12
12
12
12
12
12
10
3
0
0
0
0
0
0
0
0
3
0
15
1
1
1
1
1
1
1
13
7
2
2
2
2
2
2
2
0
3
0
15
1
16
16
16
14
14
19
1
10
0
0
0
0
0
0
0
0
3
0
15
1
16
16
13
0
0
15
16
16
10
0
0
4
2
2
2
0
3
0
8
1
18
14
11
0
0
8
14
16
13
0
0
3
0
0
0
0
3
0
0
15
13
0
0
2
2
2
2
2
2
2
2
3
0
0
0
0
3
0
0
15
17
12
12
12
12
12
12
16
13
0
0
3
0
0
0
2
6
0
9
14
14
14
14
14
14
14
14
14
11
0
0
3
0
0
0
0
19
19
13
